[0,  1, 0, 12, 3, 3, 3, 10, 0, 0, 0],
[1,  1, 1, 12, 3, 0, 3, 10, 0, 0, 0],
[2,  1, 12,12, 3, 3, 3, 10, 0, 0, 0],
[2,  2, 12,3,  0, 0, 0, 10, 0, 0, 0],
[0,  2, 2, 3,  3, 3, 0, 0,  0, 0, 0]]

[0, 1, 0, 0, 5, 5, 0, 10, 0, 0, 0],
[1, 1, 1, 0, 5, 5, 3, 10, 0, 0, 0],
[2, 1, 0, 4, 3, 3, 3, 10, 0, 0, 0],
[2, 2, 0, 4, 0, 0, 0, 10, 0, 0, 0],
[0, 2, 2, 4, 4, 4, 0, 0, 0, 0, 0]


[12, 12, 4, 4, 4, 10, 10, 10, 10, 7, 7]
[3,  12, 12,12,4, 11, 9,  0,  0,  0, 7]
[3,  3,  3, 1, 4, 11, 9,  9,  2,  7, 7]
[6,  6,  1, 1, 1, 11, 9,  0,  2,  2, 0]
[6,  6,  6, 1, 11,11, 9,  0,  0,  2, 2]

 It placed the long L twice, indicating that a potential 
 [0, 1, 2, 2, 4, 4, 4, 0, 5, 5, 0]
 [1, 1, 1, 2, 2, 0, 4, 4, 5, 5, 0]
 [0, 1, 8, 8, 2, 0, 4, 4, 7, 0, 7]
 [0, 0, 8, 6, 6, 4, 4, 4, 7, 7, 7]
 [0, 0, 6, 6, 6, 10,10,10,10,0, 0]]

[[12, 12, 4, 4, 4, 10, 10, 10, 10, 7, 7],
 [3,  12, 12,12,4, 11, 11, 11, 12, 0, 7],
 [3,  3,  3, 1, 4, 11, 11, 0,  12, 7, 7],
 [6,  6,  1, 1, 1, 11, 11, 12, 12, 0, 0],
 [6,  6,  6, 1, 11,11, 11, 12, 0,  0, 0]]
